404 101
v -225 -225 -25 0 9
v -225 225 -25 0 0
v 225 225 -25 9 0
v 225 -225 -25 9 9
v -230 -225 -25 0 1
v -230 -225 25 0 0
v -220 -225 25 0.2 0
v -220 -225 -25 0.2 1
v -220 -225 -25 0 1
v -220 -225 25 0 0
v -220 225 25 9 0
v -220 225 -25 9 1
v -230 225 -25 0 1
v -230 225 25 0 0
v -230 -225 25 9 0
v -230 -225 -25 9 1
v -220 225 -25 0 1
v -220 225 25 0 0
v -230 225 25 0.2 0
v -230 225 -25 0.2 1
v -230 -225 25 0 9
v -230 225 25 0 0
v -220 225 25 0.2 0
v -220 -225 25 0.2 9
v 225 220 -25 0 1
v 225 220 25 0 0
v 225 230 25 0.2 0
v 225 230 -25 0.2 1
v 225 230 -25 0 1
v 225 230 25 0 0
v -225 230 25 9 0
v -225 230 -25 9 1
v -225 220 -25 0 1
v -225 220 25 0 0
v 225 220 25 9 0
v 225 220 -25 9 1
v -225 230 -25 0 1
v -225 230 25 0 0
v -225 220 25 0.2 0
v -225 220 -25 0.2 1
v 225 220 25 0 9
v -225 220 25 0 0
v -225 230 25 0.2 0
v 225 230 25 0.2 9
v 230 225 -25 0 1
v 230 225 25 0 0
v 220 225 25 0.2 0
v 220 225 -25 0.2 1
v 220 225 -25 0 1
v 220 225 25 0 0
v 220 -225 25 9 0
v 220 -225 -25 9 1
v 230 -225 -25 0 1
v 230 -225 25 0 0
v 230 225 25 9 0
v 230 225 -25 9 1
v 220 -225 -25 0 1
v 220 -225 25 0 0
v 230 -225 25 0.2 0
v 230 -225 -25 0.2 1
v 230 225 25 0 9
v 230 -225 25 0 0
v 220 -225 25 0.2 0
v 220 225 25 0.2 9
v -225 -220 -25 0 1
v -225 -220 25 0 0
v -225 -230 25 0.2 0
v -225 -230 -25 0.2 1
v -225 -230 -25 0 1
v -225 -230 25 0 0
v 225 -230 25 9 0
v 225 -230 -25 9 1
v 225 -220 -25 0 1
v 225 -220 25 0 0
v -225 -220 25 9 0
v -225 -220 -25 9 1
v 225 -230 -25 0 1
v 225 -230 25 0 0
v 225 -220 25 0.2 0
v 225 -220 -25 0.2 1
v -225 -220 25 0 9
v 225 -220 25 0 0
v 225 -230 25 0.2 0
v -225 -230 25 0.2 9
v -79 -29 -25 0 1
v -79 -29 25 0 0
v -79 -39 25 0.2 0
v -79 -39 -25 0.2 1
v -79 -39 -25 0 1
v -79 -39 25 0 0
v 74 -39 25 3.06 0
v 74 -39 -25 3.06 1
v 74 -29 -25 0 1
v 74 -29 25 0 0
v -79 -29 25 3.06 0
v -79 -29 -25 3.06 1
v 74 -39 -25 0 1
v 74 -39 25 0 0
v 74 -29 25 0.2 0
v 74 -29 -25 0.2 1
v -79 -29 25 0 3.06
v 74 -29 25 0 0
v 74 -39 25 0.2 0
v -79 -39 25 0.2 3.06
v 69 -34 -25 0 1
v 69 -34 25 0 0
v 79 -34 25 0.2 0
v 79 -34 -25 0.2 1
v 79 -34 -25 0 1
v 79 -34 25 0 0
v 79 128 25 3.24 0
v 79 128 -25 3.24 1
v 69 128 -25 0 1
v 69 128 25 0 0
v 69 -34 25 3.24 0
v 69 -34 -25 3.24 1
v 79 128 -25 0 1
v 79 128 25 0 0
v 69 128 25 0.2 0
v 69 128 -25 0.2 1
v 69 -34 25 0 3.24
v 69 128 25 0 0
v 79 128 25 0.2 0
v 79 -34 25 0.2 3.24
v 72 98 -25 0 1
v 72 98 25 0 0
v 72 108 25 0.2 0
v 72 108 -25 0.2 1
v 72 108 -25 0 1
v 72 108 25 0 0
v 9 108 25 1.26 0
v 9 108 -25 1.26 1
v 9 98 -25 0 1
v 9 98 25 0 0
v 72 98 25 1.26 0
v 72 98 -25 1.26 1
v 9 108 -25 0 1
v 9 108 25 0 0
v 9 98 25 0.2 0
v 9 98 -25 0.2 1
v 72 98 25 0 1.26
v 9 98 25 0 0
v 9 108 25 0.2 0
v 72 108 25 0.2 1.26
v -27.9845 136.021 -25 0 1
v -27.9845 136.021 25 0 0
v -36.0155 141.979 25 0.2 0
v -36.0155 141.979 -25 0.2 1
v -36.0155 141.979 -25 0 1
v -36.0155 141.979 25 0 0
v -128.015 17.9792 25 3.08804 0
v -128.015 17.9792 -25 3.08804 1
v -119.985 12.0208 -25 0 1
v -119.985 12.0208 25 0 0
v -27.9845 136.021 25 3.08804 0
v -27.9845 136.021 -25 3.08804 1
v -128.015 17.9792 -25 0 1
v -128.015 17.9792 25 0 0
v -119.985 12.0208 25 0.2 0
v -119.985 12.0208 -25 0.2 1
v -27.9845 136.021 25 0 3.08804
v -119.985 12.0208 25 0 0
v -128.015 17.9792 25 0.2 0
v -36.0155 141.979 25 0.2 3.08804
v -79.9933 72.9949 -25 0 1
v -79.9933 72.9949 25 0 0
v -74.0067 81.0051 25 0.2 0
v -74.0067 81.0051 -25 0.2 1
v -74.0067 81.0051 -25 0 1
v -74.0067 81.0051 25 0 0
v -169.007 152.005 25 2.372 0
v -169.007 152.005 -25 2.372 1
v -174.993 143.995 -25 0 1
v -174.993 143.995 25 0 0
v -79.9933 72.9949 25 2.372 0
v -79.9933 72.9949 -25 2.372 1
v -169.007 152.005 -25 0 1
v -169.007 152.005 25 0 0
v -174.993 143.995 25 0.2 0
v -174.993 143.995 -25 0.2 1
v -79.9933 72.9949 25 0 2.372
v -174.993 143.995 25 0 0
v -169.007 152.005 25 0.2 0
v -74.0067 81.0051 25 0.2 2.372
v -175.857 151.182 -25 0 1
v -175.857 151.182 25 0 0
v -168.143 144.818 25 0.2 0
v -168.143 144.818 -25 0.2 1
v -168.143 144.818 -25 0 1
v -168.143 144.818 25 0 0
v -135.143 184.818 25 1.03711 0
v -135.143 184.818 -25 1.03711 1
v -142.857 191.182 -25 0 1
v -142.857 191.182 25 0 0
v -175.857 151.182 25 1.03711 0
v -175.857 151.182 -25 1.03711 1
v -135.143 184.818 -25 0 1
v -135.143 184.818 25 0 0
v -142.857 191.182 25 0.2 0
v -142.857 191.182 -25 0.2 1
v -175.857 151.182 25 0 1.03711
v -142.857 191.182 25 0 0
v -135.143 184.818 25 0.2 0
v -168.143 144.818 25 0.2 1.03711
v -139 193 -25 0 1
v -139 193 25 0 0
v -139 183 25 0.2 0
v -139 183 -25 0.2 1
v -139 183 -25 0 1
v -139 183 25 0 0
v 39 183 25 3.56 0
v 39 183 -25 3.56 1
v 39 193 -25 0 1
v 39 193 25 0 0
v -139 193 25 3.56 0
v -139 193 -25 3.56 1
v 39 183 -25 0 1
v 39 183 25 0 0
v 39 193 25 0.2 0
v 39 193 -25 0.2 1
v -139 193 25 0 3.56
v 39 193 25 0 0
v 39 183 25 0.2 0
v -139 183 25 0.2 3.56
v -75 -39 -25 0 1
v -75 -39 25 0 0
v -75 -29 25 0.2 0
v -75 -29 -25 0.2 1
v -75 -29 -25 0 1
v -75 -29 25 0 0
v -119 -29 25 0.88 0
v -119 -29 -25 0.88 1
v -119 -39 -25 0 1
v -119 -39 25 0 0
v -75 -39 25 0.88 0
v -75 -39 -25 0.88 1
v -119 -29 -25 0 1
v -119 -29 25 0 0
v -119 -39 25 0.2 0
v -119 -39 -25 0.2 1
v -75 -39 25 0 0.88
v -119 -39 25 0 0
v -119 -29 25 0.2 0
v -75 -29 25 0.2 0.88
v -114 -34 -25 0 1
v -114 -34 25 0 0
v -124 -34 25 0.2 0
v -124 -34 -25 0.2 1
v -124 -34 -25 0 1
v -124 -34 25 0 0
v -124 -150 25 2.32 0
v -124 -150 -25 2.32 1
v -114 -150 -25 0 1
v -114 -150 25 0 0
v -114 -34 25 2.32 0
v -114 -34 -25 2.32 1
v -124 -150 -25 0 1
v -124 -150 25 0 0
v -114 -150 25 0.2 0
v -114 -150 -25 0.2 1
v -114 -34 25 0 2.32
v -114 -150 25 0 0
v -124 -150 25 0.2 0
v -124 -34 25 0.2 2.32
v -119 -145 -25 0 1
v -119 -145 25 0 0
v -119 -155 25 0.2 0
v -119 -155 -25 0.2 1
v -119 -155 -25 0 1
v -119 -155 25 0 0
v -30 -155 25 1.78 0
v -30 -155 -25 1.78 1
v -30 -145 -25 0 1
v -30 -145 25 0 0
v -119 -145 25 1.78 0
v -119 -145 -25 1.78 1
v -30 -155 -25 0 1
v -30 -155 25 0 0
v -30 -145 25 0.2 0
v -30 -145 -25 0.2 1
v -119 -145 25 0 1.78
v -30 -145 25 0 0
v -30 -155 25 0.2 0
v -119 -155 25 0.2 1.78
v 72 -92 -25 0 1
v 72 -92 25 0 0
v 72 -102 25 0.2 0
v 72 -102 -25 0.2 1
v 72 -102 -25 0 1
v 72 -102 25 0 0
v 149 -102 25 1.54 0
v 149 -102 -25 1.54 1
v 149 -92 -25 0 1
v 149 -92 25 0 0
v 72 -92 25 1.54 0
v 72 -92 -25 1.54 1
v 149 -102 -25 0 1
v 149 -102 25 0 0
v 149 -92 25 0.2 0
v 149 -92 -25 0.2 1
v 72 -92 25 0 1.54
v 149 -92 25 0 0
v 149 -102 25 0.2 0
v 72 -102 25 0.2 1.54
v 144 -96.0174 -25 0 1
v 144 -96.0174 25 0 0
v 154 -95.9826 25 0.2 0
v 154 -95.9826 -25 0.2 1
v 154 -95.9826 -25 0 1
v 154 -95.9826 25 0 0
v 153 192.017 25 5.76003 0
v 153 192.017 -25 5.76003 1
v 143 191.983 -25 0 1
v 143 191.983 25 0 0
v 144 -96.0174 25 5.76003 0
v 144 -96.0174 -25 5.76003 1
v 153 192.017 -25 0 1
v 153 192.017 25 0 0
v 143 191.983 25 0.2 0
v 143 191.983 -25 0.2 1
v 144 -96.0174 25 0 5.76003
v 143 191.983 25 0 0
v 153 192.017 25 0.2 0
v 154 -95.9826 25 0.2 5.76003
v 148 187 -25 0 1
v 148 187 25 0 0
v 148 197 25 0.2 0
v 148 197 -25 0.2 1
v 148 197 -25 0 1
v 148 197 25 0 0
v 118 197 25 0.6 0
v 118 197 -25 0.6 1
v 118 187 -25 0 1
v 118 187 25 0 0
v 148 187 25 0.6 0
v 148 187 -25 0.6 1
v 118 197 -25 0 1
v 118 197 25 0 0
v 118 187 25 0.2 0
v 118 187 -25 0.2 1
v 148 187 25 0 0.6
v 118 187 25 0 0
v 118 197 25 0.2 0
v 148 197 25 0.2 0.6
v 35 -141 -25 0 1
v 35 -141 25 0 0
v 35 -151 25 0.2 0
v 35 -151 -25 0.2 1
v 35 -151 -25 0 1
v 35 -151 25 0 0
v 149 -151 25 2.28 0
v 149 -151 -25 2.28 1
v 149 -141 -25 0 1
v 149 -141 25 0 0
v 35 -141 25 2.28 0
v 35 -141 -25 2.28 1
v 149 -151 -25 0 1
v 149 -151 25 0 0
v 149 -141 25 0.2 0
v 149 -141 -25 0.2 1
v 35 -141 25 0 2.28
v 149 -141 25 0 0
v 149 -151 25 0.2 0
v 35 -151 25 0.2 2.28
v 153 -148 -25 0 1
v 153 -148 25 0 0
v 143 -148 25 0.2 0
v 143 -148 -25 0.2 1
v 143 -148 -25 0 1
v 143 -148 25 0 0
v 143 -224 25 1.52 0
v 143 -224 -25 1.52 1
v 153 -224 -25 0 1
v 153 -224 25 0 0
v 153 -148 25 1.52 0
v 153 -148 -25 1.52 1
v 143 -224 -25 0 1
v 143 -224 25 0 0
v 153 -224 25 0.2 0
v 153 -224 -25 0.2 1
v 153 -148 25 0 1.52
v 153 -224 25 0 0
v 143 -224 25 0.2 0
v 143 -148 25 0.2 1.52
v -132.952 117.065 -25 0 1
v -132.952 117.065 25 0 0
v -141.048 122.935 25 0.2 0
v -141.048 122.935 -25 0.2 1
v -141.048 122.935 -25 0 1
v -141.048 122.935 25 0 0
v -228.048 2.93484 25 2.96439 0
v -228.048 2.93484 -25 2.96439 1
v -219.952 -2.93484 -25 0 1
v -219.952 -2.93484 25 0 0
v -132.952 117.065 25 2.96439 0
v -132.952 117.065 -25 2.96439 1
v -228.048 2.93484 -25 0 1
v -228.048 2.93484 25 0 0
v -219.952 -2.93484 25 0.2 0
v -219.952 -2.93484 -25 0.2 1
v -132.952 117.065 25 0 2.96439
v -219.952 -2.93484 25 0 0
v -228.048 2.93484 25 0.2 0
v -141.048 122.935 25 0.2 2.96439

q 0 1 2 3 
q 4 5 6 7 
q 8 9 10 11 
q 12 13 14 15 
q 16 17 18 19 
q 20 21 22 23 
q 24 25 26 27 
q 28 29 30 31 
q 32 33 34 35 
q 36 37 38 39 
q 40 41 42 43 
q 44 45 46 47 
q 48 49 50 51 
q 52 53 54 55 
q 56 57 58 59 
q 60 61 62 63 
q 64 65 66 67 
q 68 69 70 71 
q 72 73 74 75 
q 76 77 78 79 
q 80 81 82 83 
q 84 85 86 87 
q 88 89 90 91 
q 92 93 94 95 
q 96 97 98 99 
q 100 101 102 103 
q 104 105 106 107 
q 108 109 110 111 
q 112 113 114 115 
q 116 117 118 119 
q 120 121 122 123 
q 124 125 126 127 
q 128 129 130 131 
q 132 133 134 135 
q 136 137 138 139 
q 140 141 142 143 
q 144 145 146 147 
q 148 149 150 151 
q 152 153 154 155 
q 156 157 158 159 
q 160 161 162 163 
q 164 165 166 167 
q 168 169 170 171 
q 172 173 174 175 
q 176 177 178 179 
q 180 181 182 183 
q 184 185 186 187 
q 188 189 190 191 
q 192 193 194 195 
q 196 197 198 199 
q 200 201 202 203 
q 204 205 206 207 
q 208 209 210 211 
q 212 213 214 215 
q 216 217 218 219 
q 220 221 222 223 
q 224 225 226 227 
q 228 229 230 231 
q 232 233 234 235 
q 236 237 238 239 
q 240 241 242 243 
q 244 245 246 247 
q 248 249 250 251 
q 252 253 254 255 
q 256 257 258 259 
q 260 261 262 263 
q 264 265 266 267 
q 268 269 270 271 
q 272 273 274 275 
q 276 277 278 279 
q 280 281 282 283 
q 284 285 286 287 
q 288 289 290 291 
q 292 293 294 295 
q 296 297 298 299 
q 300 301 302 303 
q 304 305 306 307 
q 308 309 310 311 
q 312 313 314 315 
q 316 317 318 319 
q 320 321 322 323 
q 324 325 326 327 
q 328 329 330 331 
q 332 333 334 335 
q 336 337 338 339 
q 340 341 342 343 
q 344 345 346 347 
q 348 349 350 351 
q 352 353 354 355 
q 356 357 358 359 
q 360 361 362 363 
q 364 365 366 367 
q 368 369 370 371 
q 372 373 374 375 
q 376 377 378 379 
q 380 381 382 383 
q 384 385 386 387 
q 388 389 390 391 
q 392 393 394 395 
q 396 397 398 399 
q 400 401 402 403 
